9836  63
1781
2402
3051
2786
2547
3673
719
2554
2118
2921
214
3725
194
82
1509
2528
809
1831
643
168
903
1806
1006
3536
2285
401
3487
1085
4014
3242
98
2010
3533
3826
2355
3244
2747
1248
2034
3208
28
2268
2754
704
2515
1210
2111
3801
707
896
2016
3897
3836
2375
3506
104
3880
1329
297
990
2816
1748
1279
2714
2971
2286
1098
2716
154
424
2865
744
2711
3647
1369
996
1605
350
1954
1252
2426
2099
981
1781
703
1742
71
2502
1714
3800
847
695
1240
1562
3049
2916
3812
2194
3782
770
3143
1323
1678
1207
2035
257
347
3142
1642
2795
499
2705
3840
945
1460
1946
2449
1141
2390
1698
2435
463
573
2922
3807
1083
3448
2423
1299
2570
4003
2631
3935
3669
2403
3378
609
1947
2583
1897
3832
1841
378
1661
2522
992
815
3983
2064
2709
2871
3432
2955
2864
2420
3682
2628
2941
1853
2270
135
1437
2422
1045
2618
538
2897
345
1636
1970
803
2859
886
1727
2502
2095
412
1741
1527
1503
1110
1417
3336
3235
934
3483
464
652
1264
2281
1230
154
876
2401
3247
2718
2749
2424
1315
173
2703
184
2808
3334
2728
1151
2999
2401
3530
442
3471
978
1556
3049
3815
2765
3672
1758
42
662
1776
3653
1983
2209
1726
1483
1930
987
1431
1099
2427
2654
2142
1600
3400
2612
2154
928
1412
1882
3657
3447
321
1986
2872
2983
3384
1234
516
2467
1479
2070
3140
3113
2259
3823
2701
2435
2547
2053
2517
3582
626
384
3687
420
1340
2724
3701
1303
880
2833
2165
3831
3999
896
3391
2869
1265
2526
2058
2557
423
230
499
1786
1119
2287
1348
1394
2534
3297
1259
514
2372
2901
2620
3275
1309
2341
3137
203
1789
3948
1127
3485
3131
3331
1858
1030
1846
625
906
1062
1577
222
2151
2507
3054
1418
181
3360
913
1585
3340
2632
2334
3170
1359
3206
3353
43
433
2778
1903
1122
171
2132
3546
1208
2266
1682
3440
3360
2696
3242
620
108
158
3680
2162
1859
3041
1673
2119
2479
800
3578
1507
3915
1076
1767
1928
257
420
2446
3553
886
675
1442
3545
2896
164
1968
709
2449
2698
1142
2548
1873
2094
995
3919
1165
542
3593
902
2905
331
1205
2553
307
970
3014
431
3359
2278
3827
573
3201
289
3007
106
2707
1992
2799
1213
1236
2837
3012
1348
2527
2333
1524
3050
2088
459
389
888
1023
2951
986
2647
2279
970
531
1379
2550
2797
2739
2332
877
1544
1903
69
48
2875
3018
1973
3068
3958
525
621
2298
908
3205
3031
905
1710
1376
3113
485
2256
1488
1247
2545
2062
1392
1697
966
3951
1103
314
82
2357
1786
2458
3103
2490
403
2983
20
2819
3211
2121
1434
17
3159
1206
2693
1038
3345
3535
379
628
2719
400
1089
2970
127
2153
1979
1888
1268
1949
3893
1966
402
2814
2273
3308
2557
3837
3576
2363
2052
467
3055
1669
1516
1927
1845
2410
1878
724
71
1939
1974
3543
1067
200
3724
1543
2968
3989
3379
2890
3573
2658
2403
3718
2198
30
3270
673
2734
3700
3910
3575
3752
332
3478
62
639
46
1895
3270
1998
2056
102
944
2745
524
145
570
1206
2484
3370
2971
1527
1057
2248
876
1999
3936
509
2910
2996
1560
1431
2750
604
1375
2462
2476
2673
2762
2985
2782
3925
496
2973
2599
961
2249
1306
2663
2080
3652
3446
1821
2958
3214
3657
85
231
137
1123
3877
2868
1821
2445
2481
507
3212
3097
3872
3171
1328
1726
3817
3437
584
1603
3659
2839
805
2773
3056
3527
3686
1108
249
3340
970
3872
2378
1708
819
2981
905
2410
1535
2884
444
3657
1445
1422
3127
2188
2737
32
3794
3702
294
1296
3575
778
2912
2787
2907
3436
1909
3788
430
3607
2506
2835
3617
3297
945
54
1329
2016
3129
2972
2593
1082
2747
3184
397
3720
2450
2400
1161
1637
3052
2470
3172
1757
905
1310
3131
444
3263
927
2874
368
1242
2252
1209
3129
1907
779
1060
3210
2115
3706
3013
2470
699
1864
3547
1051
3750
3401
3848
452
1604
3257
2443
1932
544
66
2683
3808
94
2039
3004
2568
840
2542
253
316
2851
2926
573
368
624
1660
2709
1723
242
911
30
38
2862
3187
3225
2645
3173
1573
144
1035
3553
1645
1435
3843
1203
3016
746
2821
2128
1991
1457
2194
82
3632
1508
852
498
2978
739
82
524
3699
645
862
560
2077
759
970
2335
1299
1565
3968
3864
470
1411
1344
2394
775
2451
2199
3889
811
976
852
1649
2920
3246
2228
2739
3418
2534
1410
605
2656
111
946
3009
3670
740
3935
2649
481
2100
1808
1156
1141
2688
3553
1568
3170
533
163
2825
3516
784
1837
3789
2566
1040
280
3034
982
2195
3163
693
1318
2595
1961
2670
633
2703
285
733
1848
530
2828
3599
1062
3202
624
642
2665
2314
230
2358
1907
1526
2043
1914
944
2199
1294
1658
2449
3265
2103
1414
1211
370
300
2244
2890
3231
2168
27
1770
3712
1402
1728
1978
1202
619
2380
3914
2639
2511
1391
1557
258
198
791
3026
2630
975
2739
1863
485
3809
1935
2094
3934
3034
1111
1191
2585
340
1409
2027
1493
258
350
2561
2763
633
2739
2458
1931
227
3189
2307
3604
2373
3316
1573
444
2601
1408
3740
1651
1940
503
1192
3563
2931
3652
1935
3578
3951
1831
1482
765
3702
1231
1332
886
531
1384
28
3615
661
430
1696
132
3756
873
3454
2885
3822
2037
2315
2779
803
726
3030
2592
324
1247
2543
2643
2164
1359
3172
1870
861
1471
1068
281
3706
2424
2626
759
2310
3807
3942
2476
2133
3994
2274
171
277
2386
1817
2557
818
3744
1981
2246
2985
704
3309
30
3525
2905
2870
2048
399
1463
2648
1672
3521
3917
2016
365
1322
2745
1451
1321
3180
2747
2271
1830
3066
3601
3458
1025
2544
3803
361
617
3823
1457
3056
2461
1157
1844
2979
305
95
2969
3646
3635
3601
1497
1024
226
923
3658
689
3572
3435
1437
3742
138
332
1112
3284
547
3615
637
3882
2009
2391
3718
1667
571
2332
3514
180
2800
2907
3117
3815
3410
1342
125
3744
619
116
1889
2218
2614
3862
3140
3861
3827
3710
844
2260
2334
741
1831
2018
1799
1235
2358
1800
982
3377
506
1704
607
2913
3701
2132
702
1889
2184
2358
1135
3434
2676
3527
2466
3880
2592
3929
39
3013
2651
3693
3724
3647
3566
2216
1315
432
1754
648
790
1631
3679
2783
3880
2936
3343
247
1048
1468
2511
577
2807
2026
1020
686
270
2532
2146
1725
2533
2826
2802
3633
1434
806
3008
3223
1537
850
2577
3172
2608
1311
2256
1049
850
3784
3018
107
1455
1368
169
2100
1157
1648
1166
1763
2386
1631
1959
898
3231
3630
174
3266
3217
262
2130
3313
2305
2792
3455
374
1122
2766
1045
1758
2552
1105
2732
1747
2828
2866
3856
1734
267
1216
1429
712
2340
2465
152
3309
2616
2232
814
1642
1628
2385
1179
872
2121
340
3073
1623
2766
2469
597
19
2986
3187
3610
3779
2940
28
741
1664
3816
1734
912
2140
458
2438
2296
2411
3799
3339
59
135
1410
222
1208
3622
82
3194
245
3171
2388
1671
2217
3964
685
3133
715
450
3293
1067
2596
1330
550
3710
2920
970
3049
277
3348
245
1626
3727
862
1468
1703
66
1357
668
2428
3876
2720
3018
318
3117
1393
682
1233
340
267
3367
3214
862
1210
3264
1655
424
222
3074
3619
3102
234
176
2466
207
1911
47
2487
3060
3464
2299
2648
671
259
3245
3535
1354
3843
2113
327
1414
506
2563
3721
1240
242
1154
3882
465
1377
1149
1248
2162
3896
2749
3179
1483
1637
1409
1191
3979
1281
2222
1979
3442
1673
2378
1526
3279
2338
3657
2041
3853
979
760
2367
2945
3332
3280
246
2367
1137
2321
3954
3466
547
624
535
1069
3794
3186
1967
1246
3645
2275
230
3503
2372
1053
2299
3587
2015
3317
406
3506
1599
1012
569
918
2930
1438
339
2611
2879
1523
1027
1054
4006
2873
1728
2745
1719
3414
4014
698
1722
504
848
2949
2322
2144
669
1640
3715
1888
1326
703
2272
1137
1348
1203
1257
1410
149
3333
1047
2634
3704
2862
1939
3111
3310
1764
3507
1113
2897
291
2211
3533
722
2736
2188
3939
2896
1336
1304
281
1283
2582
854
3435
1712
2138
3879
1132
150
1956
1973
1836
2022
3596
227
2770
419
3185
1089
112
3434
3708
348
1799
2621
2644
897
2383
718
3182
3103
3937
2444
2122
3246
1049
3535
3452
22
1511
689
3971
1636
201
1339
627
1175
398
1148
1359
3591
3797
2123
2156
430
3457
3283
871
2422
109
3787
4011
137
3634
860
970
2300
3125
3204
239
3276
2973
2205
2755
2881
2264
3239
3475
3960
2586
2503
1519
2200
3359
3865
1429
1925
1111
3269
675
3881
1386
393
519
3526
2854
101
3810
3850
2850
918
1319
68
2056
2933
3180
3500
111
1385
2795
3492
3617
3541
1993
3069
1411
868
743
692
2183
3089
1733
101
3616
1097
2595
1781
2649
1483
88
3065
689
1925
3842
3565
3811
2242
2652
3709
3832
2038
2682
173
1372
2962
2893
1119
3152
2474
3635
549
587
2471
1689
2450
3058
3121
3110
1089
445
1817
3037
3911
931
1870
751
824
89
4010
554
134
2852
305
3874
2199
3283
2043
437
860
786
3766
834
3427
1816
114
3306
2898
3086
3573
2741
464
1614
3118
2481
3521
3881
2771
2804
3102
2105
1811
229
3280
2226
3502
1556
1565
3419
2967
1592
527
600
3215
3068
71
2532
3597
2934
2888
1611
1764
2995
654
1580
1914
3181
2627
1314
2305
465
3114
1401
3815
2312
2466
1359
158
709
336
661
697
1883
2413
3324
387
650
3549
2199
2897
1970
2800
3640
1063
3249
2724
3994
3486
1624
1377
2878
293
949
551
3792
889
3628
3772
3920
986
3939
706
2423
2536
1929
879
1910
121
3140
3117
1157
194
626
1675
942
18
956
841
626
727
3572
2100
541
1736
170
707
1270
140
637
566
1836
3553
3948
1211
299
81
2604
2901
898
3067
1113
407
3971
3376
2582
1136
1818
1424
3445
1293
3137
2891
2903
731
2603
2864
900
3195
1584
2792
1644
1665
1955
987
2984
2164
3362
3786
1719
3515
3593
3786
3990
116
1524
1396
3522
2345
1890
1551
1734
1472
1596
2285
2893
2120
57
872
1188
3815
490
1841
1322
3761
283
794
2363
1823
642
655
3862
749
2211
3035
2043
1931
3479
3797
1559
1295
2833
3289
3171
916
2009
3835
453
3821
1069
1817
2826
1172
696
1372
3654
821
2786
2347
3715
253
1565
1960
2853
750
3418
2055
3071
1101
3902
327
1839
1435
994
1640
2031
3657
583
326
820
1867
723
131
1666
3942
3521
1038
3616
757
3306
239
2128
1163
2556
2413
878
591
1630
1665
1246
2238
1455
1327
2990
3731
1519
3717
327
1877
1996
3402
2254
3122
3264
3937
612
1623
3355
3330
2764
1015
2341
353
1534
2248
2233
3460
3056
487
540
3858
135
3784
1463
969
3487
33
3758
3567
608
3075
1071
2838
2121
2185
24
463
2462
1529
3408
3321
3735
3505
2165
2292
2853
3084
853
827
3932
1405
1951
586
1617
347
2285
2652
1791
982
1583
3822
142
366
2657
3904
145
578
678
2821
2071
3447
877
3218
3485
3128
2822
283
2547
640
2111
3797
974
1675
3598
2191
397
2644
2237
1036
3531
3379
3830
2164
804
867
2508
3569
76
3715
2370
2197
1229
722
2453
2906
2519
3576
939
3811
3332
2175
1499
3580
1992
1678
1439
75
430
126
3390
644
3797
1040
2081
863
346
2582
1364
124
2699
884
3552
576
2273
3833
1584
388
2512
1487
3030
2867
1189
1673
1044
1432
2377
387
213
1836
177
479
1035
245
1820
3115
2192
2934
3128
1882
1340
1595
1128
77
566
649
3384
2143
3049
1323
1388
2307
3330
16
3449
1222
3302
2637
2595
2718
2491
1075
964
1965
1639
1006
2847
2264
1077
1514
2229
2336
2397
2184
29
416
1511
1232
1887
1539
1411
1492
3746
3364
1733
1772
1035
915
1060
1113
3935
1015
3799
3231
107
1236
3625
501
3229
1391
3903
1700
361
337
1721
3991
882
2758
3560
1685
2696
2791
2266
3406
1775
3916
1224
2705
1689
2508
964
27
1293
2983
1299
2605
591
918
3434
1711
2587
165
2764
4007
569
1420
1422
2542
1967
3674
2055
3994
314
1128
3553
3955
622
1868
185
2526
167
2673
2361
2933
3574
587
1454
2847
505
3464
2654
1749
3445
1570
3780
3879
1919
1495
2308
106
2676
1942
2568
1042
2922
222
794
2923
1198
718
598
3947
3125
886
3632
3856
63
2000
160
1053
760
656
3660
3668
2062
212
3740
3721
727
3312
3051
2828
384
587
3744
1412
1582
2663
3529
3375
346
2820
1146
1066
1385
3505
1675
294
2895
2190
3739
894
3289
221
3107
470
2670
1462
1649
107
1926
2884
809
471
2969
825
2744
273
629
2251
4000
2001
3976
2339
3644
347
3811
220
2777
347
2779
1820
1281
1298
346
598
2181
336
1002
2824
3053
352
3532
3539
320
3036
2189
179
1235
3262
1681
1307
536
142
422
2897
992
2957
344
128
647
2195
1831
1286
1614
289
215
1784
756
754
2340
3591
3476
2863
3061
41
1524
861
3287
2763
194
3550
2201
1788
3942
3277
834
871
974
403
3511
3611
1889
3143
460
1951
2774
2478
3034
2039
3851
343
156
1757
3775
2611
3013
1559
3948
2944
2510
910
1858
143
2829
3128
2823
925
1561
2958
3304
2475
3549
3406
2541
212
771
148
1618
87
1693
2565
2581
3009
1784
404
2212
668
477
2959
3386
2218
3536
3848
63
2700
350
1626
2101
3592
119
58
1181
1570
1382
3922
792
1568
292
725
243
3233
808
1500
3954
1166
3217
1761
1748
3265
3460
3585
2254
3571
1653
2164
1165
773
419
1929
1496
2980
3174
2815
3046
2600
1958
1218
3419
1996
235
3527
1839
443
136
111
2971
2272
1215
2482
3076
2833
2387
695
2170
3206
586
1785
2531
3305
1009
1798
3024
64
826
3811
1031
3454
480
613
409
1255
693
2233
947
3738
1839
2577
184
731
3599
2176
3085
36
1675
1302
3518
2674
574
2329
2734
3003
1087
993
2358
1943
1833
2478
1274
300
253
1425
72
508
3094
871
3906
1975
1791
3095
470
2163
182
1574
3106
457
515
2406
288
3544
3824
958
1398
2289
1656
167
1846
2518
2637
1517
1399
519
3842
281
1640
3668
1812
1834
2943
3137
567
1224
2040
2074
2368
1206
1588
729
908
2998
3872
1064
3912
3651
3851
1264
1082
1468
2834
2565
1706
2035
608
1466
3256
3194
3204
2281
3314
1078
1757
1447
343
3277
2201
2450
2133
82
2624
2540
3950
1288
106
3455
2697
1376
733
2868
3977
2806
1459
3619
1729
1840
2647
3480
3611
3943
2592
2953
3827
1119
3579
320
3082
1968
1700
1054
3675
3216
599
3701
976
356
1766
569
2803
1394
380
2749
859
3073
2073
1312
3964
3852
1606
1889
3814
907
2151
3780
2965
2188
3296
3725
1298
3573
3457
2165
153
3152
1765
2650
1810
1952
1902
380
931
1528
1805
1630
3296
1793
3311
3139
895
3479
769
3277
3801
242
1664
1893
915
3350
2264
1785
3924
3382
2550
587
1525
1412
3579
2434
2086
1402
602
2980
3205
1737
1342
262
1511
720
3839
314
3037
244
3152
721
3682
1214
2362
785
2198
2507
3625
2683
3998
2771
1077
3574
2241
523
2987
3172
2159
1202
1287
2865
2490
1914
2981
3558
3468
2086
978
3215
954
3054
2734
2952
1697
2951
710
609
332
1120
2135
3944
2048
1045
135
379
585
2344
568
3444
1463
860
886
41
3854
1324
3429
2764
1621
3239
2235
1698
2097
60
579
2439
386
774
2857
2502
697
1039
1883
2762
2887
1569
984
2146
3392
3149
1529
1921
1263
148
3320
1349
107
3748
3927
3978
3864
3183
2277
554
1363
2616
142
342
3533
2909
2563
840
2703
3834
1313
2884
2120
748
2463
45
3214
1805
3776
448
246
981
3588
385
970
1652
1362
3396
119
2352
2188
1452
1284
1087
3730
3806
2827
409
502
1102
1675
385
579
2666
2861
3867
4001
3950
804
3911
405
1751
3947
2377
2172
2787
2970
2639
3365
3490
2817
1331
2359
3360
3244
1899
1450
1427
2949
3164
462
1581
1195
2485
504
1044
346
461
991
2405
1505
3356
3215
311
714
2576
2965
512
3273
3244
2729
1521
2748
3826
2718
4013
3331
52
1249
3464
999
2803
3610
689
3692
407
318
3721
2580
1826
2804
1863
861
469
1902
3153
1427
3933
1224
2457
1694
2574
3450
2366
2380
171
2679
84
2909
1140
2711
3469
2311
1849
3614
1487
2339
1177
3236
1587
293
3672
2226
289
1533
3958
1419
685
1558
2053
1595
3718
3598
385
1396
3446
3852
960
1957
3202
2856
114
3051
3773
2075
1134
549
3661
2308
3281
3004
1164
2785
2266
217
3016
1211
2041
1093
1546
1312
2091
228
2878
1835
774
2485
768
1590
3316
2565
3534
2476
3271
99
2733
3874
3052
851
2445
1835
3788
1295
2839
3431
579
68
1249
1668
1494
1370
2252
2672
2317
1481
1615
3674
2592
1152
2450
3700
3318
43
3224
2795
3622
3989
1795
2629
2953
3840
710
1510
1068
1220
580
970
1382
2263
2103
232
3462
1492
1787
4005
2077
3263
24
3639
2926
2359
939
1379
2278
1434
4013
844
2629
1708
1170
3347
3807
3622
2701
2202
1283
2150
440
820
3078
3083
3498
2841
567
1556
1060
1467
431
1109
2382
3339
1822
2803
377
892
352
1553
3060
1611
3995
3478
2547
1372
2110
1945
262
1370
25
1851
933
268
1302
3245
2665
3509
258
3306
1282
1662
705
909
1760
3042
1248
2793
1566
160
84
981
1767
1080
37
1640
297
111
1566
78
3927
3678
2967
1489
3122
528
3229
1002
387
1263
3335
420
3075
2240
3158
2491
1352
3209
2149
2537
1640
361
2669
3828
3612
1343
3256
1486
3032
869
2784
716
904
3217
274
3934
3150
3705
1407
1105
2312
2134
1649
3812
580
1969
4010
2172
2345
1100
275
3428
215
364
3374
1534
2780
3205
2570
2325
3916
3480
1394
2776
3250
3539
2776
41
3118
862
500
386
34
2811
2038
3607
1496
1865
3563
3932
1548
988
1873
235
2126
2361
3313
1197
184
1826
513
2083
1846
1834
2057
1606
3704
2144
2132
3848
293
3151
1107
421
2290
2938
1466
2754
1827
3146
2346
1100
3007
2574
350
2557
2377
1214
2903
431
701
2749
259
1423
2430
1381
1964
3375
1084
3916
1801
1284
1369
3952
2463
3897
315
2535
3188
853
2197
2984
1959
2901
136
3406
3645
2735
1164
298
1267
1430
2634
3506
548
886
1525
2945
3029
752
895
3161
3227
2216
1340
2897
3793
1303
1113
237
3772
3547
3788
3781
3108
563
3011
2169
1004
2879
52
1301
1587
2063
529
1378
1886
848
1610
595
2271
1274
1970
580
585
953
1762
3022
3767
540
3067
2004
1852
564
3875
2388
1357
843
1750
763
291
2933
2064
1712
2314
1799
2301
816
1472
1736
3938
3387
4006
3181
1687
2225
978
622
3502
907
507
184
1585
93
2208
3958
1620
1343
3244
515
697
2908
2914
2254
1802
2933
2401
2894
1091
3807
1946
515
412
866
78
1013
1490
1566
2328
2586
1915
1224
786
2059
3250
3252
1694
2887
3878
2800
2556
3966
94
2031
2651
1349
2726
2164
3673
3295
3819
1966
2392
2930
2037
3046
2396
2612
2462
2305
394
1688
2081
2529
1483
2909
2138
1261
3596
1879
3959
378
3042
1532
2057
2671
58
392
942
73
511
2598
914
2555
1487
1605
3100
732
2106
918
1513
2437
944
3604
143
2685
1781
2261
1360
3304
3387
2187
1735
2394
1768
3609
1025
1373
17
1598
25
1586
317
60
1372
767
3512
277
409
121
1126
2657
4012
2541
2693
2436
64
3203
3558
2532
2144
3863
1652
1790
2965
2468
2927
3105
141
662
1010
3057
3628
2914
320
2240
2340
3155
2047
3203
2612
1922
1848
475
1193
1370
3780
468
1753
2075
1975
2500
3058
3143
2875
3361
1813
1127
930
1478
2755
1903
2122
3049
1276
545
147
2681
3003
733
3098
3408
2934
1260
3517
3811
907
3980
3603
1179
2849
2065
3808
3315
38
3523
3902
2392
2389
2289
2512
1807
2112
2043
1331
516
3730
3232
134
2765
1340
1498
3687
321
4000
3036
3955
2681
461
741
881
293
1493
761
125
3573
2786
1568
3498
1573
3281
3183
3402
1460
2675
2310
3962
3135
3545
2893
2322
250
2004
1033
1299
2969
1008
3826
1253
2725
1697
1741
3379
755
510
2056
2084
514
3450
721
3767
3623
27
1770
2435
2408
2282
3770
1595
2287
1646
2010
2433
861
2877
742
2576
698
2339
3269
565
2078
357
27
3796
1143
2397
2991
1309
17
3272
3263
1021
3524
3053
3294
93
214
435
401
2382
1572
3256
3145
2319
1484
2240
1155
1518
3871
80
1720
3904
2752
1749
3664
723
2862
644
358
485
2831
565
2841
2076
3426
1557
1371
1045
1498
542
1754
3083
2492
370
2241
3262
660
3557
1159
986
2993
1950
848
3898
2110
3093
2515
2004
2151
1057
3928
1551
3354
2022
2659
18
3336
2448
804
1691
2474
997
2516
1297
1132
3173
3659
3382
3775
666
1228
1361
1741
2276
3201
949
1887
3515
1953
2132
545
2343
3723
851
2619
2382
2701
499
266
2122
1539
1626
3043
654
3620
274
2536
2950
1513
2721
3488
3459
822
408
795
2422
1039
1988
3619
986
1536
2567
1786
2080
1250
1906
38
2979
3842
2849
706
2967
2184
2295
1136
1045
1207
3960
726
472
888
3877
2796
80
2381
2863
2912
1325
1267
2312
280
1629
877
3986
3647
1682
976
3543
2441
3890
2797
121
652
3510
2106
3192
600
2479
3003
1783
529
1614
2907
536
3205
436
3793
1317
636
2475
381
2731
2629
2450
3644
2269
1332
1231
2831
2570
906
3901
1903
3530
2570
3735
3305
1358
1683
1003
3477
2935
2669
2628
1108
2694
3113
478
890
3445
334
2703
2191
759
1845
1935
2551
1547
3132
1861
2709
2815
3408
3276
2116
3556
910
779
635
3034
745
1373
639
4012
1970
3038
3541
2921
3610
1929
585
3587
1875
287
807
3864
825
1880
2086
1586
272
876
2296
3073
2041
458
2895
830
1075
1342
171
1761
1939
145
3997
2904
2267
1876
1911
810
967
3384
1022
1419
2367
2956
2726
1371
1524
1965
1784
1391
612
3680
556
1441
2695
1170
3652
241
2935
193
1687
3764
3173
756
2227
3938
3815
3915
2195
2626
3590
407
392
2437
407
2121
1164
2682
2050
2253
3157
1839
3004
2934
36
402
2113
2979
1887
3964
1488
1755
2500
317
746
625
3977
2064
3825
1343
2200
3971
1956
352
1954
3866
1874
2199
289
1900
2818
3115
3940
1236
1500
2295
2505
3244
3178
3424
3479
3692
1097
2199
3869
2680
3350
923
3464
3622
660
2915
2620
3718
388
366
3657
2181
3222
28
3846
2986
2146
2063
1281
1615
1424
3728
528
1234
779
424
1759
2550
2053
661
1955
3990
2940
945
142
1156
3473
1630
539
341
2450
2536
2745
2379
2659
3223
3859
2816
3546
1906
2064
3946
2755
1680
3125
3456
2167
1925
1684
621
3286
1989
3026
3130
1244
2791
1789
3444
259
1082
1320
3144
2290
1304
2531
3113
634
3530
182
573
441
1048
2596
3257
3586
3225
2188
1002
2727
3578
496
137
1089
3925
1182
3798
2964
3654
1248
3666
860
1056
2087
3462
2475
1422
955
3515
3778
2274
354
1680
886
3916
3721
1048
170
985
2942
4006
3858
1927
1725
1768
57
654
2265
2102
577
3581
3055
4014
2619
2371
851
1934
2547
3657
641
3905
3680
1142
2690
2952
3940
1049
109
2061
2684
3554
3508
1484
80
3367
2238
3549
3546
3843
3152
2925
1101
2190
972
2881
2960
3077
285
859
3953
217
669
547
2578
1547
2807
2823
1166
1675
1150
2754
2026
732
2285
1544
384
1055
2435
1091
375
2715
2718
936
157
1986
3091
2737
1986
3173
3767
440
3340
1524
2502
3918
673
1039
3289
2834
763
3767
1746
2824
359
116
1138
3305
2752
1184
1808
1299
2700
39
3117
431
2273
652
1023
1039
1495
1086
1866
157
3738
2160
3822
3769
3608
1544
47
3373
1450
1249
1071
3573
3876
997
2757
2802
1994
1697
110
58
3250
3171
2001
3772
1004
1632
3245
3485
858
1508
3606
532
3993
682
3703
1036
1448
1918
3872
553
970
1107
2904
1297
3038
960
792
184
1334
1814
1394
3171
3957
375
3698
533
1869
40
2648
852
277
1464
2988
2665
3238
161
1032
1951
1600
2543
1202
3414
3476
2235
3417
650
2637
2497
1711
201
2213
3258
3757
2042
1052
3124
1127
2010
900
1926
3565
3095
2259
538
3218
3216
2723
1115
1577
3503
2850
778
3312
946
3518
992
3093
2993
1458
1956
826
2344
1976
1859
2324
2736
2490
3362
104
802
892
1009
3268
2946
2020
1812
559
3699
1088
1636
3928
2831
3013
2807
66
2441
3741
395
3800
2534
2899
102
653
2556
2551
2756
2180
2221
816
2280
2151
652
1305
1025
2938
346
427
100
2931
3793
66
2264
120
1552
2651
758
1866
3183
2363
3274
2010
1617
895
2296
2682
238
1556
1109
3092
1866
2497
1576
163
760
1687
3583
3127
2760
1058
3940
1870
1231
1078
2077
2557
1704
3403
3837
1034
650
2520
1570
2388
2963
524
3653
692
536
2372
1518
807
103
3293
803
962
532
187
819
3790
3545
730
2715
3804
2687
3134
2721
3710
970
3190
1890
116
1113
2438
214
3132
1875
3604
3185
2757
1323
3624
1157
2708
284
1146
3492
3146
2208
2613
888
2711
3440
3107
1750
2856
3541
942
3745
527
3668
2743
1350
2597
601
2347
306
2309
2904
2718
2338
1328
1855
688
1981
2155
1058
3579
874
2214
3699
2587
107
2365
1389
3805
441
2864
3349
268
587
435
2817
358
2272
1760
2332
2708
646
288
2449
161
2795
732
442
896
1753
2293
1156
3548
1445
339
69
407
2588
1760
372
2471
270
2108
2388
1947
2628
3170
183
3205
3602
3171
1798
1440
478
2097
3899
1065
3051
757
2427
1191
1154
3711
1420
2083
2037
2321
2455
3502
462
3560
3916
1766
633
1706
916
1306
3054
1755
2372
1676
2454
2724
2861
3025
1765
1159
1441
1943
410
1339
1967
3658
1718
2061
175
3108
1204
237
3309
3731
3764
3573
425
3666
2043
2149
2984
2908
1117
3679
2956
3862
79
291
525
3103
2257
3870
626
3947
998
161
3681
3114
162
2503
888
3079
2985
3354
1618
2848
3048
3724
590
2577
3668
2700
2088
3998
41
2996
1532
1787
28
3496
348
2553
3557
1291
3200
1634
2114
2143
3277
1676
3776
53
566
1489
381
1902
2519
3982
2313
1594
498
926
489
749
3473
2061
1208
2103
4005
1822
204
2542
1288
461
2848
1645
3622
2907
3395
2037
3821
1530
1396
465
2849
165
2202
357
997
26
206
986
1201
3341
1725
3845
3258
1986
227
843
3425
1929
2802
1251
1789
659
94
481
2595
3627
3312
1529
2182
3219
546
2622
3614
2327
2389
3125
552
2286
1428
1500
808
800
779
279
596
272
1456
2318
3359
4014
811
154
3762
3800
3246
2865
124
1484
3695
2537
384
1730
580
3410
3378
661
1705
3481
1281
3318
3776
2702
297
3285
3701
1293
453
3882
273
619
1239
2856
3775
3135
23
2798
3748
2274
2743
3277
2576
1915
3603
3313
164
1402
3802
3680
2371
2424
347
3439
2950
2292
183
1383
3194
3037
2462
1919
3417
1919
2684
2182
3529
141
248
1224
3825
1280
722
2650
3850
3979
2993
3393
954
2875
1704
190
812
3910
3274
2738
1234
230
3726
461
2650
544
1939
2250
2832
216
2742
3606
1650
1646
55
3796
1103
2999
215
3568
2188
2770
3001
1431
3542
2864
1796
964
3328
2831
1607
2019
3087
2866
3753
276
1536
3851
2209
3690
2618
913
2208
1763
1777
2345
2156
1359
2267
1991
1750
3731
3716
1698
1439
3962
38
2231
2377
942
3257
2738
2915
2851
2273
3825
2281
1624
3832
1978
1992
2807
73
1334
442
3231
302
1834
3137
735
242
1315
1532
2598
658
2770
3560
1342
315
1115
727
3972
2706
411
2787
674
777
1934
2661
2571
3781
3755
2146
3839
3913
952
301
1039
457
1643
1055
1470
346
614
2176
873
1598
325
64
938
2170
780
275
1438
3858
1976
1363
324
1000
3745
2292
1132
175
3038
1014
1247
1801
3632
3358
1195
1335
3202
3686
1766
920
601
3016
2602
2777
592
1894
2525
2220
2220
1935
2209
3592
3274
1180
3526
705
888
473
2218
446
366
3717
3738
1121
3933
2565
3393
1637
951
2625
2910
1021
2886
840
1491
805
2754
2200
53
2286
2436
784
1631
1836
3840
2375
996
2415
2098
384
2188
3745
3192
3163
1269
3744
2391
2013
656
2443
1636
3872
717
3541
224
180
3820
3661
1363
67
3271
3285
1885
3641
1591
2803
2263
2003
2561
1543
2752
777
1852
1413
2015
2796
1261
3791
2237
2438
2218
3497
2214
3424
2603
38
1307
3776
1977
3401
3710
2550
3192
1937
1488
404
2989
3925
1181
2370
1581
3420
293
3615
1878
1578
2202
3338
489
3268
1338
1007
2525
3923
1621
1770
2383
550
351
3795
1246
3082
434
583
2149
3041
2752
3563
451
771
1640
658
1794
2623
2759
3811
769
1646
19
455
1441
3311
525
1596
83
193
279
3508
1629
3544
558
1339
3802
3903
2678
1693
1954
227
3851
918
1180
631
1200
2720
49
3487
1191
619
3632
1972
2038
2052
3167
1480
676
856
1366
2262
362
1671
3370
507
3887
2016
3199
3811
2758
2959
3677
2325
2318
1893
1009
2941
3862
2567
2274
3455
1444
930
910
354
3276
1036
2312
3483
2009
1403
3201
550
807
3027
392
2706
3959
1602
1687
3125
2402
1417
548
2807
3656
3304
1529
2469
630
3975
995
3818
3175
3289
1936
616
1407
117
873
73
3176
1114
122
2383
2166
2180
3867
2782
2018
2831
554
1058
3645
954
3783
3574
3388
162
81
2450
2437
2513
2112
3890
226
17
3460
2234
3484
415
2978
990
783
3605
1040
3337
2879
1678
3597
1155
1735
2338
1869
284
99
2704
3516
2125
320
3814
1339
991
2720
2965
1644
2579
2378
1365
3785
251
3825
519
2390
3455
1382
2346
3388
1440
3885
2568
908
3941
1065
2509
924
2675
3496
55
327
3050
849
3237
1276
2154
1529
1293
1946
2497
1164
752
1773
542
423
1275
3930
943
1938
1589
3395
3777
3415
3573
3173
3025
622
206
1054
300
2938
1941
2052
963
777
3195
3572
2422
2137
1010
1015
2666
1821
3206
2075
3303
1002
1044
3945
2855
1781
3027
2980
3140
3794
1889
3168
2899
793
375
471
2812
3927
2714
3907
587
751
381
574
295
2770
2796
2146
393
3969
3532
1335
1357
1732
1726
1102
2691
2941
2531
3489
3945
1022
2758
1724
3742
2551
1032
2071
743
3950
1329
923
521
3136
2662
3017
1960
936
3800
3465
3352
1325
872
1342
3442
845
1180
3316
1949
1250
1979
3032
1338
2899
2627
873
3702
176
1359
451
3146
1025
2601
2924
394
3608
555
1461
2912
3136
1025
2735
2583
3966
2921
1258
3665
1215
3651
2934
2828
3087
3901
2469
1246
3741
2991
3061
3614
3643
1478
2155
2669
1184
2694
2710
2802
3783
3711
1060
3147
2727
1359
339
3512
1739
3968
2111
1496
2243
3111
2372
1766
241
3416
2369
926
3468
1944
1873
3828
3538
3416
2227
1715
2935
3750
1943
2338
499
2946
2752
467
1685
3395
3466
1446
929
2978
216
3038
2474
3866
2586
3046
20
1854
1253
2191
782
1916
2715
610
834
3687
674
1044
3815
423
539
1160
1936
3714
3201
2222
727
2819
336
875
2976
2843
3399
594
1995
3821
3999
1687
3512
1501
1990
3639
3405
1282
2769
1634
3348
571
2732
2559
2766
1821
1604
2233
472
1981
2381
2373
3309
361
2151
2657
3936
2123
1129
313
2494
3625
512
3039
1951
2907
3814
1535
3986
1347
3144
3209
436
1176
3903
591
3577
3604
964
2468
2761
538
755
3487
2151
2009
3397
637
2401
311
2720
3953
529
3302
3353
2313
3047
560
3621
1260
265
423
507
1363
3294
3178
3335
2597
990
850
3719
639
2585
3352
2640
4003
175
3630
255
471
2509
1203
2639
1921
903
2376
1130
1629
3916
3899
2851
3233
3272
2302
2390
3005
1944
3546
134
3074
1021
2435
2946
1757
1625
779
2845
3160
3171
3645
3938
3037
884
780
2005
3116
874
748
335
1661
2949
747
104
2232
2054
889
1085
3483
520
3727
2326
2944
3681
598
195
3918
3228
2216
581
3672
1181
944
3586
2232
3635
2669
2798
3099
3111
3217
2744
3984
2609
25
293
1335
892
2094
664
1147
48
262
705
94
450
618
1224
739
1687
2299
1926
3282
340
2162
2298
1096
3745
3832
3184
2507
3322
900
2405
2876
3475
1837
3483
1305
3011
2246
3608
1265
3831
2489
741
455
1412
2336
158
1858
583
3212
3197
2981
939
3285
1591
3901
2647
1586
1928
250
1318
2224
1598
2133
1868
1180
2704
2837
1988
611
3122
3656
1245
118
3197
580
3440
313
3508
1934
2266
414
846
2557
2839
575
2567
3256
856
1034
902
357
1252
1294
2162
2470
334
43
1929
3358
3686
742
425
1572
1055
231
1584
3954
1750
2888
146
3299
1760
3006
768
3226
833
289
2675
952
3145
3153
1009
1064
2740
2394
3366
3761
3564
3000
1237
1897
1301
3194
3803
1264
2742
376
1908
569
3614
491
1092
2813
3607
3606
3789
2205
705
970
2927
1397
3228
2495
56
1084
2858
1691
1260
296
2670
1525
3579
3472
3064
3396
1775
2427
1493
2082
2114
1144
843
2511
3028
1161
767
483
3419
857
1016
470
3127
3919
1203
3509
3606
794
3473
1834
1283
2407
2495
3261
639
509
3842
238
993
3038
3301
2098
275
3649
1706
3125
536
1841
1977
3163
1639
630
3738
3128
411
254
2373
188
4006
3968
2544
902
1913
2824
1640
272
3039
2116
2291
1481
610
3449
2782
793
1849
1535
3445
451
2200
2497
555
3380
1710
2854
3179
4010
3011
2444
3828
3208
3159
1760
1141
1554
3687
1998
3858
230
2836
3607
3581
3723
3261
1863
3265
1896
3533
1443
2437
1487
3419
19
3444
1225
196
1710
425
1406
2111
2011
1891
1207
363
1843
1361
2232
2005
1741
1980
2328
40
3271
1214
145
1466
1270
1892
3201
86
2818
3493
3049
2829
3742
2313
2783
985
1236
531
3630
2771
1841
2771
1299
1093
1812
2947
1969
3037
2797
2593
1594
2336
1823
1966
1901
1852
230
2532
1860
2730
3896
2763
692
3665
3698
2050
2585
2077
1106
1292
1710
934
1588
1289
786
545
2653
538
1608
1686
589
1951
3732
2581
653
310
3849
466
2234
1605
3906
2063
1729
3944
3494
1749
404
99
3600
3091
3364
3205
3907
2478
274
581
2419
723
2051
431
747
2776
2376
1169
3907
2192
2380
4011
1838
3640
415
3506
211
2023
1795
900
2264
826
3078
2149
319
3557
1940
1326
791
2885
882
2083
1205
1579
1678
3230
2954
2265
2076
3102
500
3982
2255
2042
3583
1447
2267
775
2150
2364
1871
1789
721
3666
2546
259
3120
1901
1855
271
2884
2440
3824
2518
3441
147
2297
2422
3486
3482
3135
1125
1458
1884
780
2238
3125
3470
1179
1375
3655
686
70
3044
3400
3020
2854
3254
85
2317
1455
2265
2072
1399
3239
2708
878
745
1092
594
425
143
3957
2351
3133
2486
3240
3967
1271
926
569
1460
2314
1557
2923
1399
3437
2070
3756
2522
633
1345
3046
2173
2519
2561
471
2636
2824
2350
179
1782
2161
1763
3811
241
982
353
3891
1632
2390
2472
2842
2963
2858
3771
419
1811
3918
2042
2822
2665
847
378
2455
2589
1263
3395
1727
2583
1453
3532
3132
2287
99
2019
367
536
3284
630
1701
2008
3960
3231
2377
385
1874
88
30
3578
3441
2005
1800
3829
2968
2357
3816
1136
3007
1123
1697
2063
971
2913
1844
1454
1823
901
975
1876
1850
565
1267
216
1876
155
2384
1069
791
2869
2124
3037
3619
3822
2287
1290
1199
1051
3326
657
1752
660
1178
2231
3850
1843
1166
342
3821
3524
2846
2725
2272
342
3308
2188
3607
3017
3761
1311
980
1154
1168
2332
2764
3222
2418
3839
2465
2988
3435
3516
3945
2560
3681
1235
225
1779
3390
1310
227
2402
2782
3767
1206
2747
71
1546
3192
875
759
954
1731
3637
1931
1170
2789
3267
3716
2153
3242
1184
4014
2303
1474
1945
1475
1938
3928
1867
584
2529
3726
3367
3009
2056
968
3822
128
3214
3612
239
316
2002
1318
3247
1280
1245
2486
3188
2605
372
1033
661
890
2888
2999
2839
3717
438
21
2855
2601
856
1933
2357
3079
299
3587
2153
743
1006
865
2719
3371
1462
1189
1373
330
3585
554
3568
3729
1665
2316
1662
3354
3311
1134
2713
1817
3803
941
220
780
2594
2405
1155
2506
1349
933
1801
595
3285
3735
3560
2766
1913
1107
355
1662
3723
2616
2652
1669
277
3189
3135
3634
1956
998
1218
3333
2926
1819
2642
379
1685
2033
626
3526
2108
3157
206
2951
3545
252
2325
2321
1198
576
3404
1985
3412
329
2199
2779
1146
854
3088
225
2668
3174
2829
342
968
1807
824
1819
3490
3666
149
1081
864
551
1942
1386
1808
3075
1546
1803
3478
2992
595
923
1200
1098
2387
1426
3553
1299
1998
2262
318
2741
38
1216
1311
2850
527
1341
1246
415
1232
518
2636
3408
3569
1667
2886
2214
3366
1874
3945
3530
1635
2525
1381
1748
2769
1135
2576
2153
2500
508
1775
321
583
1424
3800
2760
443
339
1090
1346
296
2622
3251
2549
1775
808
2414
2307
763
1925
693
3883
69
2789
2011
3476
2503
1191
188
2152
2639
2614
3145
3518
2124
155
201
3308
3747
1287
278
3891
1607
2662
3877
722
2615
3058
344
127
1829
1047
2133
721
1609
115
3097
162
978
3008
1526
76
320
176
1127
129
273
1446
2220
60
3956
2028
165
404
1014
3243
2535
1833
2195
3884
3867
2617
2003
2215
226
3368
1965
314
3477
2814
2060
654
3941
3437
1841
2336
258
3784
915
1745
1924
934
3702
581
1835
3090
519
3425
1577
627
352
1584
1455
2645
3019
336
1163
1692
794
3666
2235
642
559
3907
420
1246
3185
2933
858
52
3357
266
3935
1854
2707
3048
3997
1142
3695
162
163
467
156
177
1674
832
1859
212
175
1233
2585
1626
3068
325
223
2429
3931
3960
722
3958
3208
2832
3847
3589
956
3184
1882
2585
3614
3685
3941
3705
3235
3715
2110
795
3637
490
935
277
1068
685
2098
1959
1083
2418
3080
1010
3756
207
19
1395
3087
1664
3549
790
1504
3191
2969
2298
365
694
71
3086
2252
1903
160
582
133
3560
1870
315
3975
2534
3264
3508
233
972
565
2393
1049
1719
359
3667
557
1209
3862
1900
756
841
3188
3798
1418
3674
3095
3621
1499
758
2674
2320
1184
2486
3812
944
1286
3361
1637
534
2112
184
3667
493
2647
3894
1073
45
2873
2623
2933
3620
3731
515
970
284
1034
634
3181
1441
733
1247
827
2885
3497
2493
1624
3572
3832
61
1927
1552
1617
3484
107
96
3095
3466
2352
3209
3812
3879
3564
1058
3714
1375
285
155
1053
3326
2130
3392
3700
278
1041
202
952
2741
1940
3058
2050
2327
781
2574
522
3346
2672
3858
2154
3542
1449
2368
2589
348
2294
3308
1079
2012
1007
2989
2703
1233
2760
205
962
390
415
1835
3950
2706
1983
3820
3546
1401
474
3951
921
2697
2406
1279
3650
2118
1937
251
1456
3652
3906
3814
1871
1838
3635
1627
1202
1468
1511
1904
1053
2848
901
3236
2271
2856
2945
2013
4005
209
426
1749
3446
729
3865
3768
1581
63
727
2333
1811
2778
3907
296
2329
3993
3277
97
468
3995
3573
2417
1919
3138
32
1995
1440
2122
2998
2098
1293
1707
307
1279
44
2016
2522
2197
2009
844
2204
140
1374
1167
1668
2571
2899
3719
3174
1338
496
579
3729
1260
3750
1507
3294
2876
68
2698
2052
3759
1497
1523
924
3866
91
3768
619
2751
358
2278
903
2835
3528
2929
3449
2446
995
2987
798
1939
2102
938
488
790
80
1445
2461
2361
2002
2807
1129
2856
3320
3202
3654
3342
2549
335
308
361
3326
3858
3695
3430
1127
950
2575
1398
2872
302
1051
2031
638
2507
2331
3874
3459
1578
1566
1177
595
3658
3210
2923
3666
3156
1992
1803
2224
1946
3016
2615
3755
2070
691
1006
692
2220
425
1455
1459
1967
2602
3170
2069
1733
2008
1071
2710
546
570
3683
3963
3754
916
2998
3422
2689
3699
2907
351
2765
77
3153
816
771
3026
3761
2733
1757
238
1409
1567
3640
2547
978
484
254
1763
3057
3668
232
1978
567
1857
2686
425
1761
2346
186
3491
250
2641
1866
187
3320
1030
2165
1052
528
1326
3602
2942
1113
1867
3249
1270
214
1121
2773
3785
32
1308
380
3603
1133
1259
4012
1617
539
1953
349
3989
2926
2088
1249
3482
2211
911
1287
3591
1496
3274
513
3220
2085
2920
1308
3035
2405
2294
1256
1276
2605
2631
187
3906
324
324
3609
2988
2381
317
296
1852
496
270
2885
1627
580
233
2188
3946
1181
3134
1307
2547
2580
3959
2848
3217
913
249
688
2013
2768
1594
1977
3028
3305
3577
1332
2019
3281
1059
1751
860
3089
3449
1182
3499
2394
2223
3906
2301
1931
151
2511
2265
2998
969
1742
3360
2931
1727
1628
921
2607
53
1651
610
1164
3118
1558
1331
2670
3790
549
2684
2902
3610
3218
1251
2929
2191
1732
1661
1998
2521
620
1587
3158
2418
2522
1571
1647
3537
1006
1840
107
1549
1627
949
3356
48
2299
2599
3170
3549
926
1798
3060
2119
584
3811
618
2626
993
2617
2773
2985
2607
796
3843
3214
1439
1793
2206
2335
3026
2131
730
3182
1083
3736
519
3771
1668
594
39
859
210
2266
3198
55
2603
599
1675
482
137
3757
2478
1893
1566
2627
3579
1602
125
2893
2061
2629
2294
765
1592
2406
1122
3325
594
865
566
1195
1249
3419
3454
2474
2315
948
538
2971
2786
2786
534
3437
2718
3040
430
3508
2580
768
754
3524
2086
1350
361
2256
3190
3762
2518
2887
45
801
3807
2531
2088
2450
2172
486
3501
149
1951
789
2129
3263
2267
2279
3695
1300
615
351
1328
3128
759
3492
1029
3725
1480
3081
2357
1961
557
1077
24
60
2840
1407
1240
361
1971
3692
1730
2425
2414
588
265
340
3092
1849
603
2053
3239
3434
1897
3409
1889
618
2645
2209
1392
1368
1817
742
1431
140
580
225
3268
2103
2019
16
3069
3174
1118
2673
3467
702
2018
455
3596
3128
1978
3756
656
269
648
869
351
2865
1531
950
1693
2627
3379
3451
2661
1280
241
1024
666
871
1904
2319
1399
3725
2448
1038
989
2676
3407
952
156
1355
3727
2475
1078
2776
2939
770
457
3327
2081
398
2075
807
3658
1400
624
45
562
3015
2950
3823
511
2019
3689
78
1817
2083
483
2528
2773
3839
27
1574
852
3069
2082
1744
1162
527
2537
2830
2186
3091
226
2986
2351
980
569
2871
982
2780
1276
3868
2858
3122
2759
923
1095
977
973
2558
2051
1143
2329
750
425
1466
52
193
1313
1617
931
3531
851
323
2006
105
2433
2389
2532
1988
548
3909
1687
834
1436
1452
476
2315
1468
334
2457
3159
2506
3880
388
1640
63
2314
1797
3990
710
1639
3824
3895
1883
310
2420
1246
3849
1802
3700
1439
2404
46
1922
1830
2734
3478
1034
1557
2602
3294
2579
1966
2547
1912
2704
1220
3066
83
3014
2756
853
658
3244
1150
2506
602
2468
1273
109
2759
709
1171
2714
25
965
3449
2119
2866
832
3542
2012
363
2922
162
178
1421
2713
2332
920
525
2153
1917
1628
3806
1292
1732
2596
3563
1662
1562
1319
1351
3493
2795
1454
176
880
2153
54
257
3027
2131
174
3836
1395
3469
2779
1875
1194
1803
3147
2049
2217
540
3700
777
2165
817
3065
823
758
3744
1642
2843
1334
834
3697
510
2334
3480
2806
2885
2543
3559
607
3095
2732
2497
3179
2377
804
2975
3089
1674
2671
3572
3128
3810
3733
3492
3528
3507
1393
279
2046
1561
766
1428
3456
2941
3707
3711
2730
983
3410
3741
1245
1436
1014
438
1112
2813
3118
2832
1671
1107
1454
1284
2204
1151
712
3789
3295
3605
2649
3809
3093
3105
3786
201
3567
136
635
670
3336
2002
292
1825
720
1496
852
927
3086
1846
2829
474
741
3647
2317
1454
331
1779
1671
3105
2881
1581
2892
1603
939
2431
273
886
1316
2690
3251
247
3637
3095
2502
1484
154
1646
1053
3506
3741
2417
3622
551
959
181
625
1675
164
1400
919
2083
3849
3027
3989
3896
528
808
2828
2946
932
3608
1886
1402
1076
411
1718
2101
2294
1824
1328
3588
3006
128
3075
2230
964
1984
1377
875
3026
1135
3336
2409
2447
3582
3931
2210
1634
3554
3582
3559
3302
1295
3331
562
3566
2077
2478
771
1919
1905
258
3693
1580
625
898
436
1893
3513
1981
144
319
2592
3764
3602
3554
2427
1823
1940
758
3249
701
3561
117
2978
1581
792
2140
2430
3422
3741
973
1353
2580
304
1592
2992
157
3709
3783
3295
2822
2130
2290
3989
236
458
3479
3215
3524
3418
1151
3740
1454
3620
176
2898
955
3963
1885
3334
962
3154
387
252
1182
3263
3204
335
1379
2392
1546
1446
123
1871
2188
1642
802
1606
64
2535
1848
2890
3523
2893
2298
1405
2518
504
190
3952
3243
1262
3784
2306
1634
2642
2457
718
1275
627
2316
1707
667
3612
3156
2396
912
1436
1908
812
2143
1021
2903
2305
3900
82
529
3576
51
2695
3809
658
3247
1804
2614
2760
2964
348
1023
3528
2820
2485
512
3915
120
473
1656
1744
1331
2344
741
2043
2657
1950
2002
3273
1052
1019
2366
3906
2989
2807
2656
3798
2595
2604
2955
1047
3748
92
1088
1059
826
1057
366
1901
1199
1600
1389
1201
1027
652
1737
3993
625
776
2802
3677
1606
2647
3057
3771
3270
3448
3218
3572
3102
3762
2872
1296
2944
343
2041
2045
2675
319
167
274
2289
3814
3486
3680
2227
453
663
2769
2650
1928
190
196
2276
989
1350
1228
2883
3142
3514
2184
2687
3918
1330
2143
2599
2445
2002
2514
344
1649
1944
1419
3665
3847
1339
2076
601
1912
508
72
2826
3979
704
3610
938
1146
3557
3650
3910
3299
2762
159
1840
3710
3369
3962
2423
397
539
3408
1524
3045
44
814
2256
1040
3036
854
521
1686
1937
2192
1577
1329
2694
918
2211
421
217
2951
797
630
1442
3294
3645
234
2302
3881
3376
2470
1248
1760
3061
3291
2121
1521
254
2086
3050
3518
2718
803
942
3534
1271
3453
2248
2537
2599
574
1866
1238
2280
1022
1734
3536
488
615
1347
255
1194
2904
1244
3298
886
3935
2135
1743
1649
1648
1150
3246
1478
130
3781
2924
1660
1255
1488
2461
3078
3776
374
3079
81
1544
3815
1973
280
2334
2033
3668
177
3255
2751
229
1448
893
2883
1823
228
1035
275
3301
1700
3679
2319
1547
1445
1260
3704
3617
394
318
3020
3114
884
119
2241
1092
944
834
718
1578
751
308
832
2337
1623
155
1070
2758
665
2851
3529
1045
1802
1237
212
3038
18
2759
3703
3824
1737
302
2765
2138
1435
3286
23
2944
1193
1695
3729
2376
1152
738
281
431
1523
2832
93
514
2713
2200
3122
2890
3281
142
26
1271
761
1100
2877
2236
914
465
3815
3231
2952
2242
3266
1073
3392
2485
3885
1576
1239
2013
2518
1592
2933
3452
4010
2877
3792
1284
1585
2305
1909
3140
3374
591
2877
1778
683
580
2375
430
687
1452
1603
657
3451
615
3517
3682
3370
1444
710
3227
1579
1547
3220
1225
1879
3383
442
3084
3915
251
1673
198
2479
3195
2375
2035
1229
1880
2050
2549
1645
3644
3359
155
1653
3081
477
1263
3372
1155
1298
3267
2224
579
2076
2674
2634
117
3530
1205
155
1610
3329
3803
1367
800
1756
1501
3670
2697
3060
1878
2480
1852
796
3694
1618
925
3544
1330
1263
3157
2419
2534
2326
360
2352
505
2277
912
1634
3445
831
2492
2853
2426
1746
3504
2511
3007
2986
131
361
964
3403
2842
1061
520
3998
2364
125
1273
2871
94
3945
3758
3438
2781
336
32
3945
2084
277
154
2176
2097
3270
1533
523
3488
2640
1744
1478
1186
891
2775
2956
303
2289
3327
3434
870
1662
1960
152
392
1675
3558
893
2897
3656
1627
3702
3442
1434
3890
1437
1451
1829
2849
3697
3357
2033
851
546
2441
2992
226
3884
2245
2163
1164
4009
1966
3264
844
947
2041
224
2851
3867
3693
668
1697
3488
2702
2617
1313
4001
2144
2721
331
3622
853
2521
3631
700
807
2086
3009
1571
2357
2241
1543
575
815
1725
878
2066
1067
2142
834
3441
1557
565
348
232
3401
606
2705
3575
492
3446
1974
2870
3225
1449
589
344
3493
287
3511
3115
3480
937
1932
709
515
885
3613
3646
348
1327
1551
2302
1668
753
2169
3861
371
2029
3579
2321
1835
3649
1997
2184
3862
2341
3145
457
1295
3187
275
220
1793
1287
1826
3657
1173
2450
104
2022
1652
3352
2589
2510
3881
2811
3261
1637
2411
3994
2459
953
2059
3684
2088
3595
887
3998
2545
1553
1153
951
1470
3143
3424
2828
451
884
1775
2603
2877
2640
3526
1048
1979
3050
3395
2807
1972
1902
3128
349
1049
2515
2722
3745
1921
2385
800
433
272
2118
2592
3643
2322
307
675
993
803
1880
1119
569
3310
1600
3391
2256
1561
2407
3269
1923
893
3474
2000
795
1303
385
1196
3510
582
876
1724
341
2191
1473
1723
3745
3899
2881
465
3338
2135
1096
493
3099
2228
337
2663
549
3830
2522
2763
2478
1522
3778
707
3383
3667
2011
768
1087
2730
1962
1697
631
700
2975
1496
477
2949
492
997
279
2199
2682
432
2750
3148
1358
1976
346
1472
2316
1854
2994
1010
3676
3904
1998
2167
1237
1800
2497
2006
2971
2093
3735
3715
1254
257
314
355
3558
2455
728
3952
533
1507
646
83
553
1955
1646
3831
2587
1295
3575
757
2296
482
1321
999
531
459
1360
2644
638
3735
1359
3403
3464
1875
2830
3304
2397
1014
2187
3545
2977
3188
2568
1807
171
2331
3628
2930
2873
3019
2317
1282
2072
977
3214
3076
2197
224
1188
785
1887
710
1471
236
1483
4014
1470
2638
3129
2574
3247
746
2654
464
1174
3448
2243
2476
3795
461
1548
2306
1245
3996
2194
467
3636
59
866
3955
3646
2945
1070
2566
2686
2125
3291
1462
3526
2674
1550
1262
1622
3920
3813
3760
1990
3110
3801
198
1311
3729
3929
2347
2034
3820
2633
3967
3131
875
649
2938
129
2786
774
837
729
64
3782
278
4006
272
315
2782
737
3274
2641
1676
468
611
1024
3246
3224
1188
3381
2357
126
1065
578
214
681
2990
3661
1719
3216
1026
3913
3056
2761
1125
53
1409
1713
3789
156
79
3755
949
922
3981
41
1533
2659
1441
3506
1269
3450
2527
753
1347
743
1328
3314
2019
3638
1556
1312
3805
235
3215
2379
3083
2834
2396
1951
3007
2924
3774
1379
1408
3566
123
838
3875
1302
2623
1727
2561
2231
1814
1854
2448
228
1053
2588
2370
2559
3564
461
1326
3172
1530
3365
3539
2874
801
2227
414
2328
2641
2121
3099
2914
1891
412
278
1192
857
174
1821
262
2855
2455
1285
583
1885
3543
539
3637
142
2145
2657
1643
1221
1385
1616
2613
3557
1942
2471
3700
371
878
3501
397
3219
2964
1374
3089
3457
2276
1423
303
289
1184
387
1946
1004
341
2372
2546
2513
784
2872
2360
303
1074
1679
2681
366
1804
2538
839
3112
2760
1019
2439
3182
2933
429
3121
1503
3977
2683
398
510
2230
3068
1033
3271
2020
2969
3013
1253
1784
1164
2303
2182
1295
3713
952
2565
1458
395
2771
3314
3473
2855
2120
499
1742
3464
1102
715
3772
1818
2216
1448
1104
1508
3549
1779
636
1792
3165
1920
3051
731
3979
2912
3766
1942
253
19
2128
1987
2774
3172
750
2395
2715
1581
2643
1461
2526
2946
2701
3294
963
674
2208
2709
3001
3366
2504
1901
2951
2286
3928
3773
1494
2305
3861
1856
2140
1306
276
2982
2924
1548
545
2782
457
3882
2406
2571
2481
61
3546
19
2290
29
719
1409
2598
2345
928
2333
1697
2624
242
3753
875
2469
2075
898
3882
3369
3071
3775
244
694
2266
3354
1658
516
1132
2906
951
1333
1202
1313
1349
1148
3460
3972
3630
394
743
2167
647
2462
3232
3393
2562
1699
1479
354
3402
2697
298
845
921
393
3042
3271
2182
3332
3401
2780
3998
266
3694
3796
1824
2293
856
566
1867
1325
3410
2491
564
2399
2337
2384
992
3672
3071
3040
384
3966
842
2531
62
2369
3346
1125
144
396
1800
1051
1568
2324
632
3905
2116
402
2013
1784
3981
1932
3496
3200
1703
194
664
68
1826
3794
2678
906
673
1731
522
822
3005
3202
1285
1608
1361
3230
378
1220
1500
816
3196
2361
947
1798
823
1329
2770
1586
1456
3731
1692
734
913
879
3507
792
557
679
3459
2396
1706
2428
1422
889
2975
189
907
2610
1979
901
3324
3401
1324
2384
1825
1751
2486
2426
3723
698
1141
1901
2758
1043
2238
2383
2247
3596
2143
1619
215
2550
3859
1015
3433
3721
1488
242
1855
3925
244
972
2025
3664
3150
3595
152
394
179
1197
3141
3883
2457
1531
2152
1033
2499
1147
1182
3713
617
1813
3971
538
3514
1150
1731
3960
2223
3357
3045
86
1754
747
3711
1545
2490
621
2853
1286
2858
3403
3861
2215
3139
2887
967
3700
845
945
2573
591
1175
3271
1306
1043
1330
3163
1024
3384
1313
3946
1520
1331
3697
1228
2735
753
3358
3441
2179
1253
911
552
3973
563
1965
295
20
106
905
2378
1159
4005
918
3658
3212
2556
504
2001
416
2009
775
3612
533
124
3838
2688
482
467
414
1752
3097
306
2256
2091
1043
182
1351
1381
3984
367
1513
1272
1562
3218
451
3011
3076
1702
3467
3007
24
3674
169
816
2906
2744
1203
62
2233
2237
1274
3621
3299
3757
1354
974
167
1511
2594
722
1319
3445
870
3000
1285
3836
2721
2686
3910
2669
905
2539
3832
3768
3652
92
1995
284
3795
64
2763
3313
3724
2540
750
2864
1781
2391
3994
2356
2544
20
3047
1560
3170
1318
1056
2630
1393
3384
453
235
2544
1439
836
3418
1635
3518
2749
2023
963
937
397
3755
1605
1856
4004
1574
3578
3176
744
1561
2741
1674
114
2540
2259
1916
3881
2507
3534
2156
3317
1930
1501
1525
1115
3230
858
3450
3124
130
1418
924
2167
3035
929
3811
2882
2208
3647
2655
2924
3160
3575
46
3414
3169
2838
3382
2753
1915
1920
3214
3273
652
1650
447
47
2302
1365
3161
552
171
3460
3784
19
972
3364
2943
3248
2350
3302
103
3661
1180
3363
3467
3167
2073
3868
997
3336
3094
1108
3231
2786
3412
1101
1225
923
189
245
1764
1454
99
259
2024
722
1294
3871
2477
3315
492
3042
401
1738
2749
508
3412
3513
1601
269
1421
2840
721
1551
3680
3361
3733
1759
579
70
217
1965
2566
3700
721
1970
576
1158
2648
2248
393
2772
173
931
492
2253
595
83
358
1514
3103
1374
1383
1133
455
2450
1485
987
1195
681
1665
3093
1319
350
2830
3142
3150
2360
1783
2547
3587
2065
3678
3500
3154
1253
108
870
1978
2458
3730
3853
2701
1350
1745
1238
2162
2746
2575
2824
1342
2650
1543
1479
387
107
2986
1044
1432
2805
3394
3323
446
2075
2030
2412
1143
4005
3919
2325
3741
3240
1423
2220
1065
3952
3133
2496
1557
1708
3925
1460
482
3452
2656
350
1913
1511
2106
2899
502
3759
1856
954
1238
3779
98
3670
280
477
3419
3329
3702
1861
606
109
1517
3154
2706
1994
241
2322
1788
66
2922
1714
1856
2649
2435
509
98
2719
433
3169
3745
3143
2556
518
3535
2881
724
3001
811
2384
1244
2725
206
1279
1654
1464
2067
1288
3602
3928
1044
130
400
820
1777
952
1843
654
2149
468
2399
160
3959
120
1929
1991
1707
614
2073
1117
434
509
1182
1145
1100
2416
761
1669
1929
452
1252
582
1175
1405
2294
2972
1668
3241
3717
1998
853
2994
3667
3377
3694
677
2638
2360
2159
2113
544
2046
2404
1202
751
3607
574
3130
2180
791
2151
772
2903
1063
549
