48 5
5 243 221 198
6 213 204 211
3 233 220 211
5 220 202 227
7 224 194 241
7 204 247 210
7 238 213 238
9 203 229 225
4 199 203 189
5 198 188 190
3 245 210 248
7 202 216 220
6 211 226 209
6 236 204 192
2 239 236 191
9 247 230 221
4 220 196 249
2 202 230 245
9 211 217 206
4 208 242 189
8 202 189 188
7 239 249 200
5 239 209 249
7 229 223 187
4 201 235 246
3 225 235 208
9 227 241 224
4 240 237 214
8 241 234 242
7 208 245 214
5 209 228 248
10 208 232 248
7 212 211 226
3 201 220 238
2 211 244 199
10 236 203 232
3 185 239 233
1 247 187 249
1 210 199 242
1 243 239 243
8 239 206 245
4 188 232 218
2 241 222 225
4 201 206 229
2 217 230 234
6 249 208 195
6 249 223 197
7 245 223 240